   2.6694153e+04   3.1521395e+04
   3.4335807e+04   3.6570451e+04
   9.8471796e+03   3.5221774e+04
   3.1623504e+04   3.0302454e+04
   1.3871933e+04   3.8743670e+04
   2.5350221e+04   2.6869227e+04
   9.7590663e+02   8.5356268e+03
   2.1295309e+04   2.0133133e+04
   5.7568918e+03   6.5301199e+03
   1.7986640e+04   5.1782633e+03
   7.4860737e+03   3.3936749e+04
   4.6029758e+03   3.8672356e+04
   3.1297630e+04   1.9503168e+04
   2.7393444e+04   1.1306628e+04
   8.4579571e+03   1.2505856e+04
   6.1478584e+03   1.7796270e+04
   1.7563555e+04   3.9078899e+04
   1.0264200e+04   1.2262369e+04
   1.8707280e+04   3.0280300e+04
   2.2764133e+04   2.7102133e+04
   1.1257318e+04   5.1946364e+02
   1.9782529e+04   8.3818143e+03
   8.8603600e+03   3.8427933e+03
   2.7412900e+04   2.5455500e+04
   3.2302171e+04   7.8138000e+03
   2.1701704e+04   1.1886130e+04
   1.8656315e+04   3.3200877e+04
   2.7531967e+04   4.0115433e+04
   2.7081700e+04   5.1816750e+03
   1.8701350e+04   3.0354650e+04
   1.5845213e+04   1.9166843e+04
   1.0295700e+04   1.2378700e+04
   1.7508880e+04   2.5449600e+03
   1.9713486e+04   8.3230500e+03
   8.0190889e+03   3.1594900e+04
   1.3393100e+04   1.0887114e+04
   1.0329400e+04   1.2208933e+04
   7.8428500e+03   3.1753800e+04
   2.5269960e+04   5.1512200e+03
   5.6101000e+03   3.6974900e+04
   1.8423730e+04   1.7221210e+04
   2.5631650e+04   1.6525200e+04
   1.9491800e+04   1.6353500e+04
   8.4838800e+03   3.1841333e+03
   1.4479300e+04   1.8746400e+04
   1.9652212e+04   1.6281525e+04
   1.5897800e+04   1.9140200e+04
   2.3749550e+04   1.8297700e+04
   3.8342050e+04   1.7453333e+04
   2.1631000e+03   3.0836800e+04
   1.8682800e+04   3.3270500e+04
   2.7618350e+04   1.3905950e+04
   1.1679000e+04   3.9225800e+04
   1.0197500e+04   2.0152700e+04
   1.9508900e+04   1.6305600e+04
   1.9558200e+04   2.1311100e+04
   1.7576800e+04   1.4195000e+03
   1.0422300e+04   1.2163100e+04
   1.1450000e+04   1.1427900e+04
   1.3126300e+04   3.8887800e+04
