   1.9525743e+04   1.6306248e+04
   1.4476222e+04   1.8743434e+04
   5.7756274e+03   2.6405595e+04
   1.1451236e+04   1.1472913e+04
   3.8328594e+04   1.7429438e+04
   2.2498440e+04   3.1952679e+04
   1.3056106e+04   3.8888590e+04
   2.7095018e+04   5.2376183e+03
   2.2785378e+04   2.7100680e+04
   2.1700211e+03   3.0898778e+04
   1.7586249e+04   1.4286565e+03
   1.3371759e+04   2.9639483e+04
   1.1231699e+04   5.8653917e+02
   1.0220165e+04   2.0182404e+04
   8.9097956e+03   3.8501783e+03
   3.3499083e+04   3.9608256e+04
   4.0101962e+04   8.4766912e+03
   2.4350371e+04   3.5037324e+04
   3.9669538e+04   5.0561840e+03
   1.8429394e+04   1.7228175e+04
   1.7502876e+04   2.5524376e+03
   7.8071497e+03   3.1726078e+04
   1.5903152e+04   2.5407790e+04
   3.6544817e+04   3.3603680e+03
   2.8767298e+04   4.2359394e+03
   1.5448631e+04   3.8978123e+04
   2.1447699e+04   3.1184755e+04
   2.9196293e+04   1.9927314e+04
   2.7461288e+04   2.5450186e+04
   3.1222663e+04   3.6027403e+04
   1.4904030e+04   2.3245190e+04
   2.3750685e+04   1.8320021e+04
   3.2584937e+03   1.2151065e+04
   2.7571012e+04   1.3963067e+04
   1.0331853e+04   1.2186339e+04
   1.2104235e+04   3.2656805e+04
   1.8645555e+04   3.3223383e+04
   2.5313370e+04   5.2319870e+03
   7.8796897e+02   2.7030998e+04
   2.5285285e+04   5.1344192e+03
   2.7538858e+04   4.0169380e+04
   2.4438798e+04   2.5780151e+04
   7.6319934e+03   1.0634450e+04
   1.8709965e+04   3.0317990e+04
   2.6719451e+04   3.8421036e+04
   1.2899751e+04   2.9806005e+04
   3.8404171e+04   1.7527217e+04
   3.9722230e+04   2.6644548e+04
   3.2271014e+04   7.8966700e+03
   9.3085680e+03   3.9738705e+04
   7.9349793e+03   3.4640698e+03
   2.6731031e+04   1.7952069e+04
   1.9578560e+04   2.4391075e+04
   1.7656350e+03   1.3931207e+04
   8.5732029e+03   3.2291470e+03
   1.9741403e+04   8.3713689e+03
   2.0867356e+04   2.5100857e+04
   1.3006479e+03   3.4739738e+04
   9.9938163e+03   3.7572123e+04
   7.2024810e+03   2.7971791e+03
   3.9276507e+04   2.2621958e+04
   1.0288387e+04   3.1237187e+04
   5.6080633e+03   3.7007195e+04
   4.4145147e+03   3.9252334e+03
   1.3324911e+04   2.2559813e+04
   3.4636679e+04   7.1660228e+03
   1.9543277e+04   2.1308536e+04
   2.0360446e+04   2.9762768e+04
   3.7894481e+03   3.6622479e+03
   1.5045460e+04   3.7076491e+04
   2.5489794e+04   2.8414296e+04
   1.0335630e+04   3.1285091e+04
   3.5998423e+04   3.3289966e+04
   2.2936238e+04   1.2398778e+04
