   9.1300000e+02
   7.0300000e+02
   1.3270000e+03
   2.8300000e+02
   2.5800000e+02
   7.9000000e+01
   3.7370000e+03
   9.3400000e+02
   6.5900000e+02
   4.9000000e+02
   2.4700000e+02
   1.6400000e+02
   4.8500000e+02
   8.7400000e+02
   3.6500000e+02
   6.2700000e+02
   4.6300000e+02
   1.9500000e+02
   6.7600000e+02
   2.0600000e+02
   1.4000000e+02
   6.8300000e+02
   2.7800000e+02
   2.2500000e+02
   6.0400000e+02
   3.1000000e+01
   1.8500000e+02
   4.2700000e+02
   7.1800000e+02
   2.1500000e+02
   3.5000000e+02
   7.0000000e+02
   1.1300000e+02
   5.4700000e+02
   6.8800000e+02
   3.3700000e+02
   5.1000000e+01
   5.4000000e+01
   5.5100000e+02
   6.6000000e+01
   1.5400000e+02
   9.1000000e+01
   5.7000000e+01
   1.7300000e+02
   1.1700000e+02
   7.8000000e+01
   8.5000000e+01
   1.6900000e+02
   7.2000000e+01
   3.9200000e+02
   1.1600000e+02
   4.3000000e+01
   4.2300000e+02
   3.0800000e+02
   2.9800000e+02
   1.0400000e+02
   6.8000000e+01
   1.0800000e+02
   4.3000000e+01
   1.4000000e+02
   1.7700000e+02
   1.1700000e+02
   6.0000000e+01
   2.4500000e+02
   9.0000000e+01
   5.0000000e+01
   1.0700000e+02
   6.8000000e+01
   2.2000000e+01
   7.5000000e+01
   4.9000000e+01
   3.4000000e+01
   5.3000000e+01
   3.7000000e+01
