   6.0000000e+01
   9.0000000e+01
   5.8000000e+01
   2.8000000e+01
   8.8000000e+01
   7.6000000e+01
   8.0000000e+01
   5.0000000e+01
   4.6000000e+01
   8.4000000e+01
   3.4000000e+01
   8.4000000e+01
   4.8000000e+01
   5.2000000e+01
   8.4000000e+01
   6.6000000e+01
   6.2000000e+01
   2.4000000e+01
   5.4000000e+01
   5.6000000e+01
   5.8000000e+01
   1.1800000e+02
   8.2000000e+01
   3.4000000e+01
   3.6000000e+01
   3.6000000e+01
   3.8000000e+01
   3.4000000e+01
   6.6000000e+01
   5.6000000e+01
   8.0000000e+01
   5.2000000e+01
   3.4000000e+01
   4.0000000e+01
   1.1600000e+02
   3.2000000e+01
   8.8000000e+01
   7.0000000e+01
   5.2000000e+01
   2.4000000e+01
   7.8000000e+01
   9.2000000e+01
   4.2000000e+01
   5.6000000e+01
   4.6000000e+01
   6.2000000e+01
   3.0000000e+01
   4.0000000e+01
   7.0000000e+01
   5.4000000e+01
   4.6000000e+01
   3.2000000e+01
   4.4000000e+01
   1.0200000e+02
   5.4000000e+01
   5.4000000e+01
   3.0000000e+01
   9.2000000e+01
   3.8000000e+01
   4.8000000e+01
   5.8000000e+01
   4.6000000e+01
   2.8000000e+01
   5.2000000e+01
   3.8000000e+01
   3.8000000e+01
   3.0000000e+01
   2.4000000e+01
   3.2000000e+01
   3.2000000e+01
   5.4000000e+01
   2.6000000e+01
   2.6000000e+01
   2.4000000e+01
